.begin 1
.V 20 18 23
.V 20 8 18
.V 39 0 6
.V 39 6 8
.V 39 8 12
.V 42 12 17
.V 47 17 23
.V 49 19 23
.V 49 17 19
.V 56 19 23
.V 94 21 23
.V 94 19 21
.H 20 8 39
.H 39 12 42
.H 42 17 49
.H 49 19 94
.end
.begin 2
.V 0 22 23
.V 25 11 22
.V 42 8 11
.V 49 0 8
.V 51 0 6
.V 51 6 8
.H 0 22 25
.H 25 11 42
.H 42 8 51
.end
.begin 3
.V 0 0 3
.V 0 3 21
.V 7 21 23
.V 28 22 23
.V 28 21 22
.V 40 22 23
.V 43 0 9
.V 43 9 12
.V 45 0 5
.V 45 5 15
.V 53 15 16
.V 54 16 22
.V 62 22 23
.H 0 21 28
.H 43 12 45
.H 45 15 53
.H 53 16 54
.H 28 22 62
.end
.begin 4
.V 1 20 23
.V 1 4 20
.V 12 0 3
.V 12 3 4
.H 1 4 12
.end
.begin 5
.V 1 0 3
.V 4 0 3
.V 4 3 19
.V 10 19 23
.V 13 19 23
.V 45 19 23
.V 48 19 23
.H 1 3 4
.H 4 19 48
.end
.begin 6
.V 2 20 23
.V 2 6 20
.V 15 0 4
.V 15 4 6
.V 20 0 4
.V 31 0 4
.V 57 0 4
.V 57 4 13
.V 68 16 23
.V 68 13 16
.V 74 16 23
.V 76 0 7
.V 76 7 16
.V 95 16 20
.V 111 22 23
.V 111 20 22
.V 111 14 20
.V 119 0 2
.V 119 2 14
.V 120 14 23
.V 120 0 2
.V 120 2 14
.H 2 6 15
.H 15 4 57
.H 57 13 68
.H 68 16 95
.H 95 20 111
.H 111 14 120
.end
.begin 7
.V 2 0 5
.V 8 0 5
.V 11 0 3
.V 11 3 5
.V 11 5 12
.V 13 12 18
.V 16 18 23
.H 2 5 11
.H 11 12 13
.H 13 18 16
.end
.begin 8
.V 3 20 23
.V 3 8 20
.V 14 0 3
.V 14 3 8
.V 19 0 3
.V 30 0 3
.V 58 0 3
.V 63 22 23
.V 63 8 22
.V 71 0 3
.V 71 3 8
.V 79 9 23
.V 79 8 9
.V 102 19 23
.V 102 12 19
.V 107 9 12
.V 110 0 6
.V 110 6 9
.V 125 22 23
.V 125 9 22
.V 129 0 3
.V 129 3 9
.H 3 8 14
.H 14 3 71
.H 63 8 79
.H 102 12 107
.H 79 9 129
.end
.begin 9
.V 3 0 7
.V 5 7 17
.V 8 17 23
.V 41 17 23
.V 41 6 17
.V 48 0 6
.V 50 0 6
.V 50 6 12
.V 55 16 23
.V 55 12 16
.H 3 7 5
.H 5 17 41
.H 41 6 50
.H 50 12 55
.end
.begin 10
.V 4 20 23
.V 27 22 23
.V 27 20 22
.H 4 20 27
.end
.begin 11
.V 5 18 23
.V 12 18 23
.V 12 5 18
.V 21 0 5
.V 21 5 15
.V 29 21 23
.V 29 15 21
.V 33 0 13
.V 33 21 23
.V 33 13 21
.V 35 21 23
.V 39 21 23
.H 5 18 12
.H 12 5 21
.H 21 15 29
.H 29 21 39
.end
.begin 12
.V 5 0 3
.V 9 0 3
.V 9 3 15
.V 17 18 23
.V 17 15 18
.H 5 3 9
.H 9 15 17
.end
.begin 13
.V 6 16 23
.V 6 9 16
.V 13 0 3
.V 13 3 9
.H 6 9 13
.end
.begin 14
.V 6 0 7
.V 10 0 3
.V 10 3 7
.V 10 7 14
.V 14 14 23
.V 15 14 23
.V 15 7 14
.V 18 0 7
.H 6 7 10
.H 10 14 15
.H 15 7 18
.end
.begin 15
.V 7 0 10
.V 16 0 6
.V 16 6 10
.H 7 10 16
.end
.begin 16
.V 9 16 23
.V 26 0 12
.V 26 22 23
.V 26 12 22
.V 28 0 6
.V 28 6 12
.V 28 12 20
.V 42 20 23
.H 9 16 26
.H 26 12 28
.H 28 20 42
.end
.begin 17
.V 11 13 23
.V 18 18 23
.V 18 13 18
.H 11 13 18
.end
.begin 18
.V 17 0 6
.V 25 0 6
.V 27 0 6
.H 17 6 27
.end
.begin 19
.V 19 18 23
.V 19 7 18
.V 56 0 7
.V 56 7 16
.V 67 22 23
.V 67 16 22
.V 75 0 7
.V 75 22 23
.V 75 7 22
.V 110 22 23
.V 110 12 22
.V 118 0 2
.V 118 2 12
.V 118 12 17
.V 121 17 23
.V 121 0 2
.V 121 2 17
.H 19 7 56
.H 56 16 67
.H 67 22 110
.H 110 12 118
.H 118 17 121
.end
.begin 20
.V 21 18 23
.V 27 13 18
.V 29 6 13
.V 38 0 6
.V 38 6 13
.V 50 17 23
.V 50 13 17
.V 57 17 23
.V 93 21 23
.V 93 17 21
.V 93 14 17
.V 96 0 14
.V 105 0 5
.V 105 5 14
.V 107 0 5
.V 134 0 5
.V 143 0 5
.V 154 0 5
.V 165 0 1
.V 165 1 5
.H 21 18 27
.H 27 13 29
.H 29 6 38
.H 38 13 50
.H 50 17 93
.H 93 14 105
.H 105 5 165
.end
.begin 21
.V 22 14 23
.V 22 9 14
.V 23 0 9
.H 22 9 23
.end
.begin 22
.V 22 0 5
.V 42 0 5
.V 44 0 5
.H 22 5 44
.end
.begin 23
.V 23 14 23
.V 23 10 14
.V 36 0 9
.V 36 9 10
.V 36 10 16
.V 52 16 23
.V 52 6 16
.V 54 0 6
.V 54 6 15
.V 59 21 23
.V 59 15 21
.V 91 21 23
.V 91 6 21
.V 109 0 6
.H 23 10 36
.H 36 16 52
.H 52 6 54
.H 54 15 59
.H 59 21 91
.H 91 6 109
.end
.begin 24
.V 24 14 23
.V 24 9 14
.V 35 0 9
.V 35 9 18
.V 53 18 23
.V 60 20 23
.V 60 18 20
.V 90 20 23
.V 90 8 20
.V 98 0 8
.V 103 0 1
.V 103 1 8
.V 132 0 1
.V 141 0 1
.V 145 0 1
.V 152 0 1
.V 163 0 1
.H 24 9 35
.H 35 18 60
.H 60 20 90
.H 90 8 103
.H 103 1 163
.end
.begin 25
.V 30 18 23
.V 30 12 18
.V 37 0 9
.V 37 9 12
.H 30 12 37
.end
.begin 26
.V 32 0 13
.V 32 18 23
.V 32 13 18
.V 34 18 23
.H 32 18 34
.end
.begin 27
.V 37 15 23
.V 44 15 23
.V 44 9 15
.V 60 0 4
.V 60 4 9
.V 60 9 15
.V 70 15 23
.V 85 0 4
.V 85 4 15
.H 37 15 44
.H 44 9 60
.H 60 15 85
.end
.begin 28
.V 38 14 23
.V 66 22 23
.V 66 14 22
.H 38 14 66
.end
.begin 29
.V 40 0 6
.V 40 6 21
.V 58 21 23
.H 40 21 58
.end
.begin 30
.V 43 20 23
.V 58 4 20
.V 59 0 4
.V 59 4 12
.V 64 22 23
.V 64 12 22
.V 64 10 12
.V 72 0 3
.V 72 3 5
.V 78 10 23
.V 81 5 10
.V 103 19 23
.V 103 10 19
.V 111 0 6
.V 111 6 10
.V 124 22 23
.V 124 10 22
.V 124 6 10
.V 128 0 3
.V 128 3 6
.H 43 20 58
.H 58 4 59
.H 59 12 64
.H 72 5 81
.H 64 10 124
.H 124 6 128
.end
.begin 31
.V 46 12 23
.V 46 5 12
.V 66 0 5
.V 70 0 4
.V 70 4 5
.V 80 8 23
.V 80 4 8
.V 81 0 4
.V 83 0 2
.V 83 2 4
.V 83 4 14
.V 88 15 23
.V 88 14 15
.V 88 6 14
.V 90 0 6
.H 46 5 70
.H 70 4 83
.H 83 14 88
.H 88 6 90
.end
.begin 32
.V 51 13 23
.V 51 10 13
.V 53 0 8
.V 53 8 10
.H 51 10 53
.end
.begin 33
.V 55 0 6
.V 79 2 6
.V 80 0 2
.V 82 0 2
.H 55 6 79
.H 79 2 82
.end
.begin 34
.V 61 0 4
.V 61 4 18
.V 76 18 23
.H 61 18 76
.end
.begin 35
.V 62 0 4
.V 68 0 4
.V 68 4 11
.V 71 11 23
.V 86 0 4
.V 86 4 11
.H 62 4 68
.H 68 11 86
.end
.begin 36
.V 63 0 7
.V 70 7 12
.V 84 12 23
.V 84 2 12
.V 87 0 2
.H 63 7 70
.H 70 12 84
.H 84 2 87
.end
.begin 37
.V 64 0 9
.V 73 0 2
.V 78 2 9
.H 73 2 78
.H 64 9 78
.end
.begin 38
.V 65 22 23
.V 65 12 22
.V 69 0 4
.V 69 4 12
.H 65 12 69
.end
.begin 39
.V 65 0 11
.V 67 0 11
.V 67 11 14
.V 82 18 23
.V 82 14 18
.V 82 5 14
.V 91 0 5
.V 98 21 23
.V 100 21 23
.V 100 5 21
.V 101 0 5
.H 65 11 67
.H 67 14 82
.H 98 21 100
.H 82 5 101
.end
.begin 40
.V 69 13 23
.V 97 21 23
.V 97 19 21
.V 98 13 19
.V 99 19 23
.H 69 13 98
.H 97 19 99
.end
.begin 41
.V 72 7 23
.V 74 0 7
.H 72 7 74
.end
.begin 42
.V 73 3 23
.V 114 17 23
.V 114 3 17
.V 116 20 23
.V 116 17 20
.H 73 3 114
.H 114 17 116
.end
.begin 43
.V 77 18 23
.V 81 18 23
.H 77 18 81
.end
.begin 44
.V 77 0 7
.V 137 7 17
.V 146 17 23
.V 148 18 23
.V 148 17 18
.H 77 7 137
.H 137 17 148
.end
.begin 45
.V 78 0 1
.V 92 21 23
.V 92 11 21
.V 99 1 11
.H 78 1 99
.H 92 11 99
.end
.begin 46
.V 83 18 23
.V 85 18 23
.V 89 4 18
.V 92 0 4
.V 127 4 14
.V 145 18 23
.V 145 14 18
.V 147 0 11
.V 147 18 23
.V 147 11 18
.H 83 18 89
.H 89 4 127
.H 127 14 145
.H 145 18 147
.end
.begin 47
.V 86 15 23
.V 86 12 15
.V 93 0 12
.V 100 0 1
.V 101 11 12
.V 102 1 11
.V 108 11 17
.V 113 20 23
.V 113 17 20
.V 115 20 23
.H 86 12 101
.H 100 1 102
.H 101 11 108
.H 108 17 113
.H 113 20 115
.end
.begin 48
.V 87 15 23
.V 87 4 15
.V 88 0 2
.V 88 2 4
.H 87 4 88
.end
.begin 49
.V 89 0 2
.V 109 16 23
.V 109 11 16
.V 115 2 11
.V 117 0 2
.V 117 2 20
.V 122 20 23
.V 122 0 2
.V 122 2 20
.H 109 11 115
.H 89 2 117
.H 117 20 122
.end
.begin 50
.V 94 0 15
.V 94 15 18
.V 104 19 23
.V 104 18 19
.V 104 16 18
.V 107 13 16
.V 112 0 6
.V 112 6 13
.V 112 13 22
.V 123 22 23
.V 123 3 22
.V 127 0 3
.H 94 18 104
.H 104 16 107
.H 107 13 112
.H 112 22 123
.H 123 3 127
.end
.begin 51
.V 95 21 23
.V 96 16 21
.V 99 13 16
.V 104 0 5
.V 104 5 13
.H 95 21 96
.H 96 16 99
.H 99 13 104
.end
.begin 52
.V 95 0 15
.V 106 0 8
.V 106 8 15
.V 108 0 8
.V 135 0 8
.V 142 0 8
.V 154 6 8
.V 155 0 6
.V 163 4 6
.V 166 0 1
.V 166 1 4
.H 95 15 106
.H 106 8 154
.H 154 6 163
.H 163 4 166
.end
.begin 53
.V 97 0 17
.V 101 17 21
.V 118 21 23
.H 97 17 101
.H 101 21 118
.end
.begin 54
.V 105 19 23
.V 129 19 23
.V 131 19 23
.V 131 12 19
.V 132 2 12
.V 160 0 2
.V 160 2 14
.V 167 22 23
.V 167 14 22
.H 105 19 131
.H 131 12 132
.H 132 2 160
.H 160 14 167
.end
.begin 55
.V 108 18 23
.V 130 18 23
.V 130 0 3
.V 130 3 18
.V 134 19 23
.V 134 18 19
.V 134 6 18
.V 140 0 6
.V 140 6 13
.V 141 13 16
.V 152 16 23
.V 154 16 23
.V 156 16 21
.V 170 22 23
.V 170 21 22
.H 108 18 134
.H 134 6 140
.H 140 13 141
.H 141 16 156
.H 156 21 170
.end
.begin 56
.V 113 0 6
.V 113 6 16
.V 132 19 23
.V 132 16 19
.H 113 16 132
.end
.begin 57
.V 116 0 3
.V 116 3 15
.V 151 15 22
.V 165 22 23
.H 116 15 151
.H 151 22 165
.end
.begin 58
.V 119 21 23
.V 153 21 23
.V 155 21 23
.H 119 21 155
.end
.begin 59
.V 123 0 2
.V 128 13 23
.V 128 10 13
.V 131 2 10
.H 123 2 131
.H 128 10 131
.end
.begin 60
.V 126 22 23
.V 142 22 23
.V 142 9 22
.V 151 4 9
.V 158 0 4
.H 126 22 142
.H 142 9 151
.H 151 4 158
.end
.begin 61
.V 126 0 10
.V 126 10 20
.V 171 22 23
.V 171 20 22
.H 126 20 171
.end
.begin 62
.V 127 17 23
.V 129 11 17
.V 139 7 11
.V 148 0 7
.V 159 0 4
.V 159 4 7
.V 159 7 19
.V 166 22 23
.V 166 19 22
.H 127 17 129
.H 129 11 139
.H 139 7 159
.H 159 19 166
.end
.begin 63
.V 133 19 23
.V 133 4 19
.V 139 0 4
.V 149 0 4
.V 149 4 18
.V 161 18 23
.V 161 0 2
.V 161 2 18
.V 163 18 23
.V 172 22 23
.V 172 18 22
.H 133 4 149
.H 149 18 172
.end
.begin 64
.V 133 0 3
.V 136 3 19
.V 157 19 23
.H 133 3 136
.H 136 19 157
.end
.begin 65
.V 135 19 23
.V 135 9 19
.V 141 6 9
.V 153 0 6
.H 135 9 141
.H 141 6 153
.end
.begin 66
.V 137 18 23
.V 139 18 23
.H 137 18 139
.end
.begin 67
.V 137 0 3
.V 167 0 1
.V 167 1 3
.V 167 3 13
.V 168 13 15
.V 169 22 23
.V 169 15 22
.H 137 3 167
.H 167 13 168
.H 168 15 169
.end
.begin 68
.V 138 16 23
.V 138 0 7
.V 138 7 16
.V 140 18 23
.V 140 16 18
.V 143 22 23
.V 143 18 22
.V 143 10 18
.V 150 0 4
.V 150 4 10
.V 150 10 17
.V 170 17 19
.V 173 22 23
.V 173 19 22
.H 138 16 140
.H 140 18 143
.H 143 10 150
.H 150 17 170
.H 170 19 173
.end
.begin 69
.V 144 0 11
.V 144 11 22
.V 150 22 23
.H 144 22 150
.end
.begin 70
.V 157 0 8
.V 157 8 16
.V 168 22 23
.V 168 16 22
.H 157 16 168
.end
.begin 71
.V 158 19 23
.V 158 8 19
.V 162 2 8
.V 164 0 1
.V 164 1 2
.H 158 8 162
.H 162 2 164
.end
.begin 72
.V 160 15 23
.V 162 15 23
.H 160 15 162
.end
