.begin 1
.V 1 19 21
.V 5 19 21
.V 5 3 19
.V 7 0 3
.V 9 0 3
.H 1 19 5
.H 5 3 9
.end
.begin 2
.V 2 18 21
.V 2 4 18
.V 8 0 4
.H 2 4 8
.end
.begin 3
.V 1 0 2
.V 3 0 2
.V 8 20 21
.V 8 6 20
.end
.begin 4
.V 0 0 1
.V 5 0 1
.V 9 20 21
.V 9 4 20
.end
.begin 5
.V 2 0 3
.V 3 18 21
.V 3 3 18
.V 4 0 3
.V 4 3 17
.V 11 20 21
.V 11 17 20
.H 2 3 4
.H 4 17 11
.end
.begin 6
.V 6 19 21
.V 10 0 3
.V 10 3 19
.V 12 0 3
.V 12 3 19
.H 6 19 12
.end
.begin 7
.V 4 18 21
.V 6 0 5
.V 6 5 18
.H 4 18 6
.end
.begin 9
.V 0 20 21
.V 7 20 21
.V 7 5 20
.V 11 0 3
.V 11 3 5
.H 0 20 7
.H 7 5 11
.end
