C0 3566 2992 0
C1 3529 2992 1
C2 2420 352 1
C3 1842 528 1
C4 2837 704 1
C5 1260 0 1
C6 2892 0 1
C7 2938 176 1
C8 1406 176 1
C9 2013 352 1
C10 876 528 1
C11 2167 528 0
C12 2518 528 0
C13 2514 176 0
C14 2235 528 1
C15 1101 0 0
C16 1214 0 0
C17 2789 528 0
C18 2647 528 0
C19 2322 176 1
C20 2218 528 0
C21 3171 1056 1
C22 2454 1408 0
C23 5748 0 1
C24 3287 0 0
C25 3261 352 0
C26 0 0 0
C27 1371 528 1
C28 5514 0 0
C29 3281 704 1
C30 3322 528 0
C31 2591 1056 0
C32 652 0 0
C33 3417 528 1
C34 337 0 1
C35 926 352 1
C36 2943 0 1
C37 2484 1408 1
C38 1406 1056 0
C39 2633 528 1
C40 1519 352 0
C41 1910 1232 1
C42 2039 0 1
C43 2885 352 1
C44 2255 0 0
C45 1311 0 1
C46 2771 0 0
C47 2372 1936 1
C48 2324 704 1
C49 3558 352 1
C50 1242 528 0
C51 2122 528 1
C52 2254 704 1
C53 1333 352 1
C54 2275 352 0
C55 3964 0 1
C56 2923 176 0
C57 2651 880 0
C58 1772 528 0
C59 1277 528 1
C60 359 0 0
C61 698 528 0
C62 2495 352 1
C63 1994 528 0
C64 1877 0 1
C65 2341 528 1
C66 2431 528 0
C67 2380 528 0
C68 1952 528 1
C69 3424 352 1
C70 3100 528 0
C71 3099 352 0
C72 2355 1056 1
C73 1924 704 1
C74 1247 1056 0
C75 2718 176 0
C76 1773 704 0
C77 2061 880 1
C78 2298 352 1
C79 4298 0 1
C80 809 352 1
C81 761 704 1
C82 3282 528 1
C83 1311 528 0
C84 1775 0 0
C85 6474 3520 0
C86 6966 528 0
C87 5990 3168 1
C88 2584 176 1
C89 2555 0 1
C90 6713 0 0
C91 8418 3168 1
C92 2815 2992 0
C93 1467 3696 0
C94 1683 2816 1
C95 2713 2640 1
C96 1638 3344 0
C97 2203 2464 0
C98 1806 2640 0
C99 2132 1936 1
C100 2023 2112 1
C101 4470 5808 0
C102 4615 6688 0
C103 2826 3696 1
C104 792 4224 0
C105 1875 2640 0
C106 7492 3520 1
C107 5415 1936 0
C108 1811 1760 0
C109 8223 5280 0
C110 8253 4928 1
C111 1047 3696 1
C112 927 3872 1
C113 1415 2464 0
C114 5036 5280 0
C115 3878 3872 0
C116 2022 6336 1
C117 4913 5456 0
C118 764 2816 0
C119 8388 4576 1
C120 8178 5104 0
C121 6188 4224 1
C122 8314 2288 1
C123 1975 4928 1
C124 2210 5632 0
C125 1616 2112 0
C126 8270 4576 0
C127 4201 5280 1
C128 7939 5280 0
C129 7963 2112 0
C130 2527 2464 0
C131 2414 6336 1
C132 8108 2288 1
C133 1467 2464 1
C134 2689 4928 0
C135 1814 2464 1
C136 2501 5808 0
C137 4469 5456 1
C138 3878 5280 0
C139 1386 2640 0
C140 7643 3696 0
C141 8637 2112 1
C142 2183 5456 1
C143 7926 1760 0
C144 1428 3344 0
C145 7643 3520 1
C146 1281 3696 0
C147 5437 2112 1
C148 3507 3872 0
C149 6128 4048 1
C150 2213 2288 1
C151 4910 2288 1
C152 3929 3872 0
C153 3591 3696 1
C154 7075 3520 1
C155 8064 2992 1
C156 2156 6336 0
C157 8971 2112 1
C158 1839 2464 0
C159 301 2816 0
C160 5505 1936 0
C161 8852 5280 1
C162 8883 1936 0
C163 6776 3872 1
C164 8256 4928 0
C165 8112 2112 1
C166 2341 2640 1
C167 5948 2288 1
C168 605 1584 0
C169 759 3872 1
C170 6725 3872 1
C171 7650 3168 1
C172 8190 1584 1
C173 8261 1584 1
C174 2817 1760 1
C175 6093 4048 0
C176 4943 5280 1
C177 5948 2288 0
C178 5318 1760 0
C179 6900 3520 0
C180 6225 3520 0
C181 6344 3872 1
C182 6328 3696 0
C183 6161 3872 1
C184 8145 2288 0
C185 2715 5808 1
C186 4767 1760 1
C187 3576 3872 0
C188 7822 2640 1
C189 2598 5808 1
C190 2236 5808 1
C191 4270 5280 1
C192 2426 6160 1
C193 1668 3696 0
C194 4418 5456 1
C195 3824 5280 1
C196 1923 2816 1
C197 1625 1760 1
C198 5014 1936 1
C199 2448 5456 1
C200 1913 2464 0
C201 1767 2288 0
C202 2281 2288 0
C203 2166 6160 1
C204 1623 2288 0
C205 1556 2288 0
C206 7519 3520 0
C207 7726 3520 0
C208 8066 4048 1
C209 3783 3872 0
C210 7130 3520 0
C211 7146 3520 1
C212 4292 3344 1
C213 6607 2464 1
C214 6801 2112 1
C215 3696 5456 0
C216 6535 2288 0
C217 1427 2992 1
C218 3495 3696 1
C219 1582 2112 1
C220 7693 2112 0
C221 8157 4576 1
C222 3448 3696 1
C223 1892 5632 1
C224 1329 2464 1
C225 1376 2464 1
C226 1939 6512 0
C227 1159 2816 1
C228 4347 6160 0
C229 7676 2288 1
C230 384 3872 0
C231 4384 3344 1
C232 5457 1760 0
C233 1233 2464 1
C234 1687 2992 1
C235 4177 5280 0
C236 4272 5280 0
C237 1851 4400 1
C238 480 3872 0
C239 2528 5280 0
C240 1861 2464 1
C241 6532 4224 1
C242 7270 3520 0
C243 2091 6336 1
C244 2279 5280 0
C245 6497 2288 1
C246 8364 2112 0
C247 8180 4400 1
C248 2134 2112 0
C249 2367 2464 0
C250 2227 6336 1
C251 4914 5632 0
C252 932 3168 0
C253 2623 5280 1
C254 2663 5808 0
C255 4893 2112 0
C256 3824 5456 0
C257 3809 5456 1
C258 1165 5632 1
C259 2544 5456 1
C260 2404 5456 0
C261 1813 2112 1
C262 8304 3872 0
C263 1697 2464 1
C264 7961 5632 0
C265 8565 2288 1
C266 3259 4400 0
C267 1094 3696 1
C268 8107 4224 0
C269 8056 4752 1
C270 7540 3344 0
C271 7907 2288 1
C272 8315 2112 1
C273 1991 2640 0
C274 7863 1936 0
C275 2222 4752 1
C276 1433 3520 0
C277 7540 4048 1
C278 915 5632 1
C279 8036 3344 0
C280 2555 5456 0
C281 1526 1936 0
C282 2177 2640 0
C283 8022 5808 1
C284 4900 5280 0
C285 4140 3696 1
C286 8169 4928 0
C287 8054 5104 1
C288 2225 5808 0
C289 4768 1936 1
C290 497 3168 1
C291 544 3168 1
C292 1350 3696 0
C293 5002 1760 1
C294 7692 1936 1
C295 8050 2288 0
C296 8190 4752 1
C297 4867 4576 1
C298 4513 1760 1
C299 3172 3168 0
C300 6568 2288 1
C301 1145 3696 0
C302 2743 1584 0
C303 8300 4400 1
C304 8061 3520 0
C305 1858 4928 1
C306 1439 2288 0
C307 3676 5280 1
C308 8161 5632 0
C309 1529 3520 1
C310 2507 4752 0
C311 7000 2288 1
C312 3068 3872 0
C313 6983 2112 1
C314 8258 1936 0
C315 6710 3520 1
C316 2616 5456 1
C317 8286 5104 0
C318 2184 1760 0
C319 1490 5104 0
C320 1101 5104 0
C321 1062 5104 1
C322 5105 5632 0
C323 2209 5632 1
C324 4807 4752 1
C325 4116 5456 0
C326 3607 5280 0
C327 8489 1936 0
C328 2785 4928 0
C329 2278 6336 1
C330 7198 4048 0
C331 1992 2816 1
C332 4481 3168 0
C333 8012 5456 1
C334 7990 4928 0
C335 7896 5104 0
C336 2433 5280 1
C337 2386 5808 1
C338 2391 5808 0
C339 3667 3872 0
C340 2521 6160 1
C341 2297 5808 1
C342 1471 2992 0
C343 8059 2112 1
C344 1279 2464 0
C345 1051 2464 1
C346 7965 5632 1
C347 8242 4224 1
C348 114 3168 1
C349 1800 5632 1
C350 8379 2288 1
C351 5559 4224 1
C352 4500 4928 0
C353 2324 2112 1
C354 2596 2640 0
C355 3377 3168 0
C356 3562 3168 0
C357 1062 3344 1
C358 6787 3696 0
C359 1386 4400 1
C360 8168 4928 1
C361 4443 5808 1
C362 3208 3872 0
C363 7690 3696 0
C364 7574 3872 0
C365 810 3872 1
C366 1800 3520 0
C367 1683 3520 0
C368 6746 2288 0
C369 7838 2288 0
C370 663 3872 1
C371 1606 2464 1
C372 1823 2816 1
C373 1986 2640 1
C374 1794 5632 0
C375 3325 3872 0
C376 1188 3344 0
C377 2649 5456 0
C378 7144 4048 1
C379 7591 3872 1
C380 437 2816 0
C381 2670 6160 0
C382 3159 4400 0
C383 5039 5280 1
C384 6456 2288 0
C385 6484 3872 1
C386 8090 1760 0
C387 5132 1936 0
C388 7344 4048 0
C389 5032 5808 1
C390 1923 5808 0
C391 3209 4400 0
C392 2372 4928 0
C393 8308 3872 1
C394 8225 4400 0
C395 8140 2464 0
C396 5824 2112 1
C397 6105 2288 0
C398 6143 4224 0
C399 4817 1760 1
C400 1996 2464 0
C401 1752 2816 1
C402 2136 2464 0
C403 8252 4576 1
C404 7768 1408 0
C405 4620 3168 1
C406 653 3344 1
C407 8723 1936 1
C408 2590 5632 0
C409 8381 1584 0
C410 8017 2112 0
C411 8300 4928 1
C412 8022 4576 0
C413 8654 1936 0
C414 4929 5808 0
C415 1230 3696 1
C416 5783 3168 1
C417 8712 5280 1
C418 1623 2992 0
C419 1612 2816 1
C420 7408 3872 1
C421 1551 2464 0
C422 1433 2640 0
C423 1514 2464 1
C424 2435 2464 0
C425 811 2816 0
C426 3841 3696 1
C427 7490 2288 1
C428 7525 2288 0
C429 7661 2288 0
C430 628 2816 0
C431 6109 2288 1
C432 3820 5632 0
C433 6681 2464 0
C434 2251 5280 1
C435 4384 5456 0
C436 4274 5808 0
C437 4673 2816 1
C438 4576 3344 0
C439 4649 1760 1
C440 7998 1408 0
C441 1048 3168 0
C442 1093 4400 0
C443 4068 3872 0
C444 2321 5632 0
C445 4522 6336 1
C446 4201 6336 1
C447 2651 5632 1
C448 5810 5808 0
C449 3329 6160 1
C450 10039 3168 0
C451 9373 3520 0
C452 1276 4928 0
C453 886 4928 1
C454 1030 4928 1
C455 817 5984 0
C456 2916 2288 0
C457 7077 528 1
C458 9468 5104 0
C459 9573 4224 1
C460 9590 4928 0
C461 9484 4224 1
C462 3012 6160 1
C463 2865 5456 1
C464 9476 4048 1
C465 9810 4400 0
C466 3261 4224 1
C467 5987 5280 1
C468 2394 5632 1
C469 2852 4576 1
C470 2773 4576 0
C471 2516 4224 0
C472 1113 4224 0
C473 4150 5808 1
C474 4667 5984 0
C475 1677 4400 1
C476 1376 5632 0
C477 9355 3872 1
C478 9115 4224 0
C479 2652 4224 0
C480 1850 3520 1
C481 6517 5280 0
C482 9421 4224 0
C483 2471 5104 0
C484 2684 5104 0
C485 9644 2992 0
C486 5586 3168 0
C487 1974 1760 0
C488 9549 4928 1
C489 9048 4048 1
C490 9533 3168 0
C491 10059 3344 1
C492 2948 5984 0
C493 3348 5104 1
C494 5945 5280 0
C495 5745 5808 1
C496 3449 3520 1
C497 10079 2640 0
C498 5940 5280 1
C499 9134 4400 1
C500 1792 5280 0
C501 3997 6160 1
C502 2424 5104 0
C503 1937 1760 1
C504 2804 1936 0
C505 9561 5104 1
C506 7641 1056 0
C507 1931 4928 0
C508 2706 3696 0
C509 1499 4752 1
C510 1622 4048 1
C511 10032 3696 1
C512 717 1584 0
C513 8186 880 1
C514 2703 2288 0
C515 2726 2112 1
C516 3081 6160 1
C517 10128 3696 1
C518 8529 3696 0
C519 4263 1760 1
C520 3970 6336 0
C521 2465 3872 1
C522 5605 6160 0
C523 3444 6336 1
C524 10125 4224 0
C525 10084 4048 1
C526 5367 1056 0
C527 3515 5984 1
C528 4109 6336 1
C529 4344 6336 0
C530 7109 1408 0
C531 6512 5104 0
C532 1505 5632 1
C533 8922 3168 1
C534 5261 6160 1
C535 3972 5984 0
C536 1719 1760 1
C537 1815 1760 1
C538 1852 2288 0
C539 10084 3872 1
C540 3547 4400 1
C541 3561 5104 1
C542 1335 4928 1
C543 1526 4400 0
C544 2567 5104 0
C545 1776 1584 1
C546 8180 1056 0
C547 10083 4400 1
C548 4523 6336 0
C549 8966 4048 0
C550 2090 1760 0
C551 2727 2288 1
C552 1886 1760 1
C553 3418 5808 1
C554 3522 3696 0
C555 9836 4048 1
C556 9492 3872 0
C557 9230 4400 1
C558 9206 4224 0
C559 9568 4048 1
C560 9168 5280 0
C561 4233 5808 1
C562 5457 6160 0
C563 2207 4576 1
C564 5468 3168 0
C565 9194 3168 1
C566 10103 2816 0
C567 5402 5808 1
C568 2202 4048 0
C569 2001 4224 1
C570 9587 4576 0
C571 9923 4400 1
C572 2240 3696 0
C573 5745 4928 0
C574 5720 5632 0
C575 6074 3344 1
C576 3017 5984 0
C577 5826 3344 1
C578 664 5104 1
C579 599 5104 0
C580 9366 4224 0
C581 780 5104 1
C582 1670 4928 0
C583 4432 6336 0
C584 600 4048 1
C585 1342 4400 0
C586 3399 4400 1
C587 9478 4400 1
C588 2278 3520 0
C589 1603 3696 1
C590 6125 4752 1
C591 2968 5808 1
C592 9356 3344 0
C593 2851 5808 1
C594 2961 3520 0
C595 3119 4400 1
C596 10083 4576 0
C597 9561 5808 1
C598 1800 4400 0
C599 2607 4224 1
C600 3221 3696 0
C601 1379 5456 1
C602 2336 3696 0
C603 2269 1936 1
C604 7829 1232 0
C605 2695 1936 0
C606 7768 1056 1
C607 1727 5808 0
C608 9291 4048 1
C609 2967 3520 1
C610 928 4224 0
C611 767 4576 1
C612 7242 1232 0
C613 736 4048 0
C614 9532 4400 0
C615 9068 3872 0
C616 9811 3344 0
C617 1984 1760 1
C618 6298 4752 0
C619 2960 1936 1
C620 8512 4576 1
C621 8255 880 1
C622 4456 6160 1
C623 5332 3168 0
C624 4085 5984 0
C625 6409 1584 1
C626 3682 5808 0
C627 6343 1408 0
C628 2615 4048 0
C629 9248 4928 1
C630 10059 3872 0
C631 3611 5104 1
C632 7737 1056 0
C633 1959 5632 1
C634 2307 5104 0
C635 999 4048 0
C636 9565 4224 0
C637 5214 3168 0
C638 9472 4928 0
C639 2258 6336 0
C640 6045 5632 0
C641 3259 4400 1
C642 9360 4576 0
C643 6874 6336 1
C644 2734 5104 0
C645 503 5104 0
C646 2466 5632 1
C647 2580 4048 1
C648 3953 5808 0
C649 4180 5984 0
C650 3651 4576 0
C651 2992 6512 0
C652 429 4224 0
C653 9477 4576 1
C654 9471 4752 1
C655 10009 2992 1
C656 9530 4048 0
C657 1517 4928 1
C658 2977 1760 0
C659 6523 1584 1
C660 3842 5984 0
C661 3444 5104 1
C662 10059 3520 0
C663 2619 4400 1
C664 5161 1232 0
C665 5178 1760 0
C666 9225 4928 0
C667 9834 4576 0
C668 716 5104 0
C669 1172 4928 1
C670 1761 5456 0
C671 934 5984 1
C672 3451 1584 1
C673 8751 5984 0
C674 9812 2992 0
C675 10104 2288 1
C676 3860 6336 1
C677 6350 1056 0
C678 3491 6864 1
C679 3149 2992 1
C680 2017 5632 0
C681 7984 1232 1
C682 3762 1584 0
C683 833 4576 0
C684 6206 5456 1
C685 608 4400 0
C686 9587 4752 1
C687 1641 4752 1
C688 3613 6160 0
C689 3677 1760 1
C690 7873 880 1
C691 9199 5104 1
C692 9415 4224 1
C693 1661 3344 1
C694 7697 1056 1
C695 3085 5808 1
C696 2919 5984 1
C697 5730 5984 0
C698 3979 6160 0
C699 3595 3520 1
C700 10103 3520 1
C701 2615 3520 0
C702 2787 3696 0
C703 3351 5808 1
C704 4104 6512 0
C705 999 4400 1
C706 8276 704 1
C707 2943 1584 1
C708 2826 1584 1
C709 7626 1056 1
C710 1024 3872 0
C711 6367 5984 0
C712 4914 5984 1
C713 9087 2992 1
C714 7278 1056 0
C715 5050 1760 0
C716 6196 1232 0
C717 5841 5808 1
C718 5470 5808 0
C719 3401 1584 1
C720 1239 4048 0
C721 1609 4928 1
C722 9569 4576 1
C723 1125 4928 1
C724 957 4928 1
C725 1525 5280 0
C726 337 4224 0
C727 9901 3872 1
C728 9243 3872 0
C729 9531 3696 1
C730 5735 5456 0
C731 5568 1232 1
C732 7424 1232 0
C733 9684 4048 1
C734 9515 4752 0
C735 9213 4576 0
C736 2930 6336 0
C737 3825 5808 1
C738 3418 6512 0
C739 9282 2464 1
C740 3295 6512 0
C741 9458 3696 0
C742 9638 4224 0
C743 5846 880 0
C744 9492 4224 0
C745 4708 6864 1
C746 764 1584 0
C747 9460 3696 1
C748 9395 3168 1
C749 2697 4048 1
C750 9856 3696 0
C751 5435 6336 1
C752 10007 4224 0
C753 10102 4048 0
C754 1083 4400 1
C755 850 4048 1
C756 10035 4400 0
C757 8925 3872 0
C758 937 4752 0
C759 9280 3696 1
C760 9214 3872 1
C761 9121 5456 1
C762 1256 5632 1
C763 3014 5984 1
C764 3365 6160 0
C765 6274 6336 1
C766 658 4400 0
C767 821 5632 1
C768 3357 3520 1
C769 3329 4224 0
C770 2714 4400 1
C771 3770 5808 0
C772 5665 5456 1
C773 2893 1584 1
C774 4997 5456 0
C775 2972 1936 0
C776 2438 1936 0
C777 5669 5808 0
C778 1464 4576 1
C779 6145 5808 1
C780 3096 5984 1
C781 763 5104 0
C782 7693 1408 1
C783 2386 6336 0
C784 3183 5808 0
C785 2475 4048 0
C786 1142 3872 0
C787 4079 6160 1
C788 1623 5632 0
C789 7163 1584 1
C790 1526 4928 0
C791 5537 5456 1
C792 3248 3520 1
C793 3651 6512 1
C794 6181 5632 0
C795 5674 5280 1
C796 3193 4224 0
C797 3122 4224 0
C798 4328 1056 0
C799 5874 1408 0
C800 2357 2112 0
C801 1263 4928 1
C802 5497 5456 0
C803 3880 6160 1
C804 9393 4400 0
C805 8050 880 1
C806 990 5104 1
C807 814 4928 1
C808 3123 4752 0
C809 6423 5632 0
C810 10039 4752 1
C811 9318 3696 0
C812 6422 1056 0
C813 8647 4400 1
C814 6256 1056 0
C815 2439 4928 1
C816 10036 3696 0
C817 2971 4224 0
C818 3929 1584 0
C819 3535 5808 1
C820 3312 4752 1
C821 896 5104 1
C822 10125 2992 1
C823 7235 1936 1
C824 3858 1584 0
C825 1443 4224 1
C826 6079 1056 0
C827 3582 5456 1
C828 7392 1408 0
C829 9903 2816 1
C830 10007 2112 0
C831 10039 4576 1
C832 2609 1584 0
C833 5426 1408 1
C834 5427 1408 0
C835 9106 5104 0
C836 9159 4752 0
C837 4127 1760 1
C838 7140 1760 0
C839 4713 3696 1
C840 1452 5280 0
C841 1550 5104 1
C842 1481 5280 1
C843 8099 6336 1
C844 8004 2640 0
C845 7794 2816 1
C846 8751 4048 0
C847 8861 4048 1
C848 6882 2464 0
C849 5752 1936 1
C850 7988 3872 0
C851 7920 3168 1
C852 8183 4048 1
C853 8291 4048 0
C854 8586 4224 0
C855 1882 5280 1
C856 3490 4752 0
C857 4946 528 1
C858 562 5808 0
C859 9924 2288 1
C860 2860 2640 0
C861 3280 2992 0
C862 2806 6160 0
C863 5878 6336 1
C864 8790 4224 1
C865 6373 4752 1
C866 7914 4048 1
C867 4140 3520 1
C868 3103 5456 0
C869 2766 1056 1
C870 4294 4752 0
C871 9944 1408 0
C872 8556 880 1
C873 9298 1584 1
C874 1364 6336 0
C875 4682 3344 1
C876 8138 3520 1
C877 1234 3168 0
C878 9898 2112 1
C879 2020 4752 0
C880 9967 5632 1
C881 8473 5984 0
C882 4402 6512 1
C883 5095 176 0
C884 4391 1056 1
C885 8459 6336 1
C886 3698 1936 0
C887 4234 1936 0
C888 6034 7040 0
C889 3288 6688 0
C890 5276 4928 0
C891 2657 1760 1
C892 1927 1760 0
C893 1371 5104 0
C894 4436 1584 0
C895 4958 1408 0
C896 3250 4752 1
C897 3431 5280 0
C898 5331 5280 1
C899 3779 1232 1
C900 8884 1936 1
C901 6634 2112 0
C902 3314 5280 0
C903 2140 3520 0
C904 2473 1584 0
C905 3146 1584 1
C906 6979 1936 1
C907 10106 5984 1
C908 3034 2992 1
C909 2647 3168 0
C910 2193 1760 1
C911 2481 5808 1
C912 9575 5456 1
C913 5881 4752 0
C914 4232 704 0
C915 1982 1584 1
C916 8402 5280 0
C917 5003 1760 0
C918 8321 2816 0
C919 5332 5984 1
C920 9852 2288 0
C921 10075 1056 1
C922 8923 1760 0
C923 4776 3344 1
C924 6789 1232 1
C925 7380 4048 1
C926 3194 2112 1
C927 6210 4224 0
C928 6383 4400 1
C929 4193 4576 1
C930 7544 4224 0
C931 6425 2288 1
C932 4614 0 0
C933 4344 3696 1
C934 7085 4224 0
C935 3084 5280 0
C936 1478 5104 1
C937 8876 3696 0
C938 8948 3696 0
C939 4341 3168 0
C940 5507 4576 0
C941 3261 1584 1
C942 8891 3872 1
C943 2674 6160 1
C944 2455 880 0
C945 4546 3344 1
C946 7414 2992 0
C947 3424 2640 1
C948 2565 2464 1
C949 3635 2992 0
C950 1208 7568 0
C951 2336 2464 1
C952 3453 2640 0
C953 328 6864 0
C954 7419 4224 0
C955 7779 5808 0
C956 8053 5984 1
C957 8764 704 1
C958 2141 4224 0
C959 1833 5808 1
C960 4465 5280 0
C961 2524 3168 1
C962 2046 3696 0
C963 8955 4048 1
C964 2582 880 0
C965 6555 1408 1
C966 2724 1760 1
C967 1184 5984 1
C968 5694 2288 1
C969 4033 4752 0
C970 1104 1584 0
C971 5731 2112 0
C972 2638 4400 0
C973 2517 1760 1
C974 2100 5104 0
C975 2321 4928 1
C976 4524 5280 1
C977 4376 1760 1
C978 6097 1232 1
C979 5055 4752 1
C980 2570 5808 0
C981 5080 2288 1
C982 5377 1056 1
C983 3836 1408 1
C984 4624 352 0
C985 4564 528 1
C986 3776 528 1
C987 2422 1584 0
C988 1926 1056 0
C989 2290 880 1
C990 7575 1760 0
C991 4343 1584 0
C992 8814 2288 1
C993 6596 4576 0
C994 5215 2464 0
C995 8129 3872 1
C996 8719 704 0
C997 4563 352 1
C998 3646 4928 0
C999 5265 0 0
C1000 8792 2816 0
C1001 2905 3344 0
C1002 4235 4048 1
C1003 3177 4576 0
C1004 4250 1584 0
C1005 2022 4928 1
C1006 8630 3344 0
C1007 4837 1936 1
C1008 1209 5808 0
C1009 907 4400 0
C1010 8787 880 0
C1011 3408 1408 1
C1012 2469 6160 0
C1013 1370 6160 1
C1014 3642 4928 1
C1015 5350 4400 1
C1016 2776 4400 0
C1017 8208 3344 0
C1018 755 3872 0
C1019 5865 4752 1
C1020 5794 4752 1
C1021 2919 2288 1
C1022 6342 4928 0
C1023 3721 2640 1
C1024 1260 2112 1
C1025 1258 1760 1
C1026 6980 1408 1
C1027 1666 2288 1
C1028 8710 4752 0
C1029 2038 5456 1
C1030 9804 1408 0
C1031 9948 1584 0
C1032 7908 6688 0
C1033 1971 1408 1
C1034 5845 1056 0
C1035 5345 704 0
C1036 3865 2640 1
C1037 4049 2640 1
C1038 3949 5456 1
C1039 1911 3344 1
C1040 9319 7568 1
C1041 8653 4928 1
C1042 7979 1584 1
C1043 4086 1408 1
C1044 4453 2112 0
C1045 8855 4928 1
C1046 8209 1232 1
C1047 6183 6512 0
C1048 2235 3344 0
C1049 8861 4752 1
C1050 7939 4224 0
C1051 6831 4576 0
C1052 5448 5280 0
C1053 8692 5632 1
C1054 2124 1584 1
C1055 3319 4928 1
C1056 8711 3696 0
C1057 2185 4576 0
C1058 2949 5456 0
C1059 8391 2992 0
C1060 8204 3696 0
C1061 8711 3872 1
C1062 8901 2288 0
C1063 5673 2112 1
C1064 3368 4752 0
C1065 4822 3168 0
C1066 5292 2288 0
C1067 4073 528 1
C1068 8176 6336 0
C1069 7537 4928 0
C1070 6103 528 0
C1071 5195 1936 1
C1072 8091 3696 0
C1073 7887 4048 0
C1074 8397 1056 1
C1075 1775 4752 0
C1076 1404 4928 1
C1077 6815 1408 0
C1078 8804 3696 0
C1079 8892 1584 1
C1080 8711 5808 1
C1081 8316 2464 1
C1082 8396 2288 0
C1083 575 3872 0
C1084 2055 1584 1
C1085 3272 2640 1
C1086 1413 4400 0
C1087 1929 2112 1
C1088 1040 1584 1
C1089 1747 6336 1
C1090 6523 4400 1
C1091 1237 5104 0
C1092 4003 4576 0
C1093 3979 4576 1
C1094 1098 3168 0
C1095 8910 4400 1
C1096 3803 6688 1
C1097 3735 6160 1
C1098 1873 2816 1
C1099 577 2816 0
C1100 2852 880 0
C1101 7150 3872 1
C1102 8091 2464 1
C1103 1489 1760 1
C1104 1950 5456 0
C1105 2236 1584 0
C1106 6146 1408 1
C1107 6558 1408 0
C1108 3645 1584 0
C1109 8760 5104 1
C1110 8779 5104 0
C1111 8747 5280 0
C1112 3144 2640 1
C1113 3166 2288 0
C1114 5763 4752 0
C1115 10103 5632 1
C1116 3046 2816 1
C1117 1370 4224 0
C1118 2241 3872 1
C1119 1891 6336 0
C1120 8328 6160 0
C1121 1608 1936 1
C1122 3033 1408 0
C1123 7188 1936 1
C1124 10125 6336 0
C1125 7756 4048 1
C1126 5487 7040 1
C1127 9071 1584 1
C1128 1942 5104 0
C1129 3257 2640 0
C1130 2813 5456 0
C1131 4260 528 1
C1132 1675 1232 0
C1133 4421 880 1
C1134 9530 5280 0
C1135 4636 5280 0
C1136 748 3168 0
C1137 7738 1936 0
C1138 3767 1584 1
C1139 4023 3696 1
C1140 6372 4576 0
C1141 2571 6160 1
C1142 1446 1232 0
C1143 5678 4752 1
C1144 1202 5104 1
C1145 1691 4048 1
C1146 3509 2464 0
C1147 3491 3344 0
C1148 543 2288 1
C1149 9127 1760 0
C1150 899 5104 0
C1151 3666 4752 1
C1152 8247 1408 0
C1153 3412 4928 1
C1154 4159 528 0
C1155 4205 880 1
C1156 10035 4928 1
C1157 1412 1584 1
C1158 467 1584 0
C1159 4455 3344 1
C1160 10124 1408 0
C1161 10106 1584 1
C1162 8916 4400 0
C1163 5801 5984 0
C1164 5654 6512 1
C1165 7422 4752 1
C1166 7766 4224 1
C1167 7614 4224 0
C1168 7203 5984 0
C1169 8407 1936 1
C1170 8423 3696 0
C1171 789 3344 1
C1172 7341 1584 1
C1173 4042 1584 0
C1174 5849 3520 1
C1175 4603 5808 1
C1176 3455 5808 0
C1177 4294 6864 1
C1178 8526 5104 0
C1179 1338 5104 1
C1180 8242 2992 0
C1181 2270 3520 1
C1182 8508 5808 1
C1183 4340 5632 0
C1184 2882 5632 0
C1185 3311 4576 1
C1186 1548 5984 1
C1187 1778 5456 1
C1188 4514 5808 1
C1189 5399 704 1
C1190 5690 1936 0
C1191 7701 3168 1
C1192 5960 1056 1
C1193 5787 2288 1
C1194 7062 2288 0
C1195 7400 1056 1
C1196 1871 5104 1
C1197 4045 6688 1
C1198 2000 6160 1
C1199 1700 6512 1
C1200 2306 6512 1
C1201 7900 3696 0
C1202 9162 3696 1
C1203 8373 3520 1
C1204 8401 4048 0
C1205 2473 3168 1
C1206 2422 3168 1
C1207 8590 6512 1
C1208 8483 7216 0
C1209 6332 4576 1
C1210 9945 5456 0
C1211 8315 5984 1
C1212 5419 4752 0
C1213 5434 4752 1
C1214 5555 4928 0
C1215 8468 2288 0
C1216 6181 4752 0
C1217 6119 4224 1
C1218 1739 3696 1
C1219 8659 4048 1
C1220 8273 1056 0
C1221 6658 4400 1
C1222 2780 5808 0
C1223 4533 3696 1
C1224 5419 4928 0
C1225 1179 3344 1
C1226 2002 3520 0
C1227 5920 4224 0
C1228 3073 2640 0
C1229 8901 2464 0
C1230 8559 5808 1
C1231 1759 2112 0
C1232 7863 2992 1
C1233 3191 176 1
C1234 3224 2464 0
C1235 2264 1760 1
C1236 3769 4928 0
C1237 1887 3872 1
C1238 4549 7040 0
C1239 5839 5984 1
C1240 3680 2640 0
C1241 8578 5632 1
C1242 4269 3168 0
C1243 6755 1408 1
C1244 3925 1760 1
C1245 6486 1408 0
C1246 3420 1584 0
C1247 2158 4928 1
C1248 2176 6160 0
C1249 8766 6160 0
C1250 8811 3872 0
C1251 7299 6688 0
C1252 4010 6688 0
C1253 7010 1936 0
C1254 4435 4752 0
C1255 3209 2464 1
C1256 3412 5280 1
C1257 7585 1584 1
C1258 8530 2112 0
C1259 1373 4048 1
C1260 2436 2992 0
C1261 3036 5280 1
C1262 7824 2992 0
C1263 5982 1232 1
C1264 2433 2816 0
C1265 9205 5808 1
C1266 8910 1408 0
C1267 2309 1584 1
C1268 1864 4048 0
C1269 4065 704 1
C1270 7263 1936 0
C1271 8785 5632 1
C1272 8902 5104 0
C1273 2715 880 1
C1274 3253 5104 1
C1275 6236 4576 1
C1276 5158 4928 0
C1277 6759 4224 1
C1278 2707 3168 1
C1279 8338 2464 0
C1280 3280 1760 0
C1281 8907 2288 1
C1282 4916 3344 1
C1283 3135 5104 1
C1284 10079 2288 0
C1285 4235 6688 1
C1286 6922 2288 0
C1287 1463 5808 1
C1288 5523 5632 0
C1289 2695 2464 0
C1290 3023 1760 1
C1291 3858 3168 1
C1292 4782 704 0
C1293 6058 1584 1
C1294 6390 5280 1
C1295 2622 4928 1
C1296 2356 4752 1
C1297 2582 3872 1
C1298 2076 1760 1
C1299 5183 2288 1
C1300 4679 1760 0
C1301 4109 880 1
C1302 5227 5456 0
C1303 2605 1584 1
C1304 2446 1584 1
C1305 3126 2112 0
C1306 7225 1408 0
C1307 5172 5808 1
C1308 8678 5456 0
C1309 1276 2816 1
C1310 6176 4400 1
C1311 6370 4752 0
C1312 7674 5984 0
C1313 8036 6336 0
C1314 8288 5984 0
C1315 6192 4576 0
C1316 5335 5808 0
C1317 3076 1936 1
C1318 3376 5456 0
C1319 5650 4576 1
C1320 7062 4048 0
C1321 6841 4752 1
C1322 1604 4576 1
C1323 6126 4576 1
C1324 3725 6336 1
C1325 6137 4576 0
C1326 5448 7568 0
C1327 5208 6336 1
C1328 3582 6688 0
C1329 1025 4752 1
C1330 1193 4048 1
C1331 1953 2464 1
C1332 9808 4928 0
C1333 5324 2816 1
C1334 2984 2640 1
C1335 8860 4928 0
C1336 954 4400 0
C1337 3795 4400 1
C1338 1677 2112 1
C1339 8835 704 1
C1340 8706 1056 0
C1341 4196 2288 1
C1342 4550 7040 1
C1343 2130 4048 0
C1344 8267 704 0
C1345 1552 3696 1
C1346 3199 4752 1
C1347 7048 1936 1
C1348 4683 6336 1
C1349 4813 6160 1
C1350 2881 4928 0
C1351 8543 6336 1
C1352 8323 6336 1
C1353 8609 5984 0
C1354 4150 6688 0
C1355 3977 6512 0
C1356 4365 6512 0
C1357 5119 3168 0
C1358 6132 7216 0
C1359 9279 6512 1
C1360 9182 5808 0
C1361 8377 2640 0
C1362 1506 3168 0
C1363 10035 4752 0
C1364 8880 7744 0
C1365 5218 4752 1
C1366 10035 4928 0
C1367 10079 5104 1
C1368 8177 2288 1
C1369 2925 1056 1
C1370 1385 1584 0
C1371 7766 3872 1
C1372 8102 1232 0
C1373 9849 5104 1
C1374 2214 5984 0
C1375 1480 3696 1
C1376 1253 4224 0
C1377 5834 4752 0
C1378 1685 5984 0
C1379 8785 4576 0
C1380 1889 2992 0
C1381 4594 5984 1
C1382 1777 5104 1
C1383 3334 5280 1
C1384 2213 5104 0
C1385 10039 5632 0
C1386 4004 6864 1
C1387 4203 4752 0
C1388 1646 3168 0
C1389 2063 2992 1
C1390 4068 528 0
C1391 7886 5808 1
C1392 1853 5104 0
C1393 2251 4224 1
C1394 4877 6864 0
C1395 7068 6336 1
C1396 3800 704 0
C1397 4018 7040 1
C1398 882 2816 0
C1399 1218 2640 1
C1400 362 3168 1
C1401 1272 1584 1
C1402 7758 1760 0
C1403 8765 4576 1
C1404 7107 4224 1
C1405 8048 2816 1
C1406 9701 5456 1
C1407 2785 880 0
C1408 3260 2112 0
C1409 4822 6688 1
C1410 3596 2112 1
C1411 4573 0 1
C1412 3914 0 0
C1413 4819 1760 0
C1414 4709 5984 1
C1415 4762 6160 0
C1416 7974 4752 0
C1417 2236 1936 0
C1418 1133 1584 1
C1419 4677 3696 0
C1420 6466 1408 1
C1421 2733 4576 1
C1422 6904 3696 0
C1423 5971 1408 1
C1424 8808 4048 0
C1425 8571 5104 1
C1426 5889 1232 0
C1427 5820 1056 1
C1428 7248 5632 0
C1429 1784 2640 1
C1430 8075 7392 0
C1431 2530 880 1
C1432 855 1584 0
C1433 6655 352 1
C1434 6507 528 0
C1435 7974 4576 1
C1436 4394 3696 1
C1437 5146 3344 1
C1438 6710 1232 0
C1439 3441 4576 1
C1440 8123 5456 0
C1441 7857 4752 0
C1442 8662 4928 0
C1443 7539 4224 1
C1444 8133 6688 1
C1445 5629 4752 0
C1446 416 4048 1
C1447 2242 2816 1
C1448 1774 1936 0
C1449 843 3168 1
C1450 1973 3520 1
C1451 2638 2816 1
C1452 5431 6336 0
C1453 6586 5456 1
C1454 2875 5632 1
C1455 8439 5632 1
C1456 4306 1760 0
C1457 2656 1584 1
C1458 7882 2464 0
C1459 7751 2464 0
C1460 1730 3872 1
C1461 1189 5456 1
C1462 8463 1584 1
C1463 8867 1584 0
C1464 1368 5984 1
C1465 1907 6160 0
C1466 1061 5456 0
C1467 751 5984 1
C1468 9402 5632 1
C1469 9220 2112 1
C1470 1543 3344 1
C1471 2429 3520 0
C1472 1370 3168 0
C1473 660 3168 1
C1474 707 3168 1
C1475 1418 5104 0
C1476 1099 4048 1
C1477 8827 2640 0
C1478 9088 2816 0
C1479 5451 6864 1
C1480 5072 7920 1
C1481 8928 7920 1
C1482 8570 7216 1
C1483 8975 704 1
C1484 6697 5808 1
C1485 1768 7744 1
C1486 4428 7920 0
C1487 6581 7920 1
C1488 6188 2992 0
C1489 7145 3168 1
C1490 7045 3344 0
C1491 6887 6864 0
C1492 1 7920 0
C1493 1 2816 0
C1494 4256 2288 0
C1495 5995 5984 1
C1496 472 0 0
C1497 1265 7920 1
C1498 9567 2288 1
C1499 6349 0 1
C1500 8654 2288 0
C1501 5250 1760 1
C1502 3650 2288 0
C1503 1638 2816 0
C1504 4339 2992 0
C1505 4583 2464 0
C1506 337 5632 1
C1507 2711 7920 1
C1508 9594 6688 0
C1509 6276 7392 1
C1510 9643 7568 1
C1511 9510 7920 1
C1512 7620 704 0
C1513 1991 4400 0
C1514 7859 176 1
C1515 6900 2816 1
C1516 8137 7920 0
C1517 9355 7744 0
C1518 8066 7920 0
C1519 6865 1232 1
C1520 3025 2464 1
C1521 5205 2816 1
C1522 5930 352 1
C1523 7571 5808 1
C1524 6323 3344 0
C1525 9459 7040 0
C1526 8550 528 0
C1527 7240 5456 0
C1528 7528 5632 1
C1529 4062 3168 0
C1530 2755 3696 1
C1531 8454 176 0
C1532 810 1056 0
C1533 1381 1232 1
C1534 8939 1056 0
C1535 3879 7392 0
C1536 9195 176 1
C1537 3218 3696 1
C1538 1487 6864 1
C1539 3462 7392 1
C1540 4734 7216 1
C1541 3034 3696 1
C1542 4701 7392 1
C1543 6832 7920 1
C1544 4684 7392 0
C1545 2838 3872 0
C1546 815 2992 1
C1547 821 2992 0
C1548 6761 7920 1
C1549 593 5104 1
C1550 746 3696 1
C1551 680 5984 1
C1552 914 6336 0
C1553 562 7216 1
C1554 676 5984 0
C1555 769 2288 1
C1556 456 2288 0
C1557 624 6512 0
C1558 5757 7216 1
C1559 1441 1056 1
C1560 736 2288 0
C1561 9360 2816 0
C1562 840 2464 1
C1563 114 7392 1
C1564 1145 6864 1
C1565 8714 7216 1
C1566 7042 7040 1
C1567 8859 704 0
C1568 3683 7392 0
C1569 10095 352 1
C1570 6527 7392 1
C1571 7491 6160 1
C1572 2941 7744 0
C1573 9333 2288 1
C1574 2514 7920 0
C1575 5830 528 1
C1576 4221 7920 0
C1577 5168 2640 0
C1578 1386 1408 0
C1579 790 2640 1
C1580 937 1936 0
C1581 1770 1056 1
C1582 354 1584 0
C1583 1559 1056 1
C1584 994 1056 0
C1585 901 2640 0
C1586 984 2464 0
C1587 1145 1760 1
C1588 1958 2816 0
C1589 4946 2640 1
C1590 5198 2992 0
C1591 9270 1232 1
C1592 390 5104 0
C1593 567 5984 1
C1594 1134 1056 0
C1595 927 1584 1
C1596 517 1056 0
C1597 9348 880 1
C1598 5718 3872 1
C1599 3878 2992 1
C1600 215 6864 0
C1601 1525 2816 0
C1602 9333 7216 1
C1603 744 6688 1
C1604 1437 6512 1
C1605 2877 7392 1
C1606 9518 528 1
C1607 10106 0 1
C1608 4976 7920 1
C1609 4421 2640 1
C1610 2250 6864 0
C1611 997 6688 1
C1612 9175 7216 0
C1613 9147 2112 0
C1614 716 2464 0
C1615 881 1056 0
C1616 5230 2640 1
C1617 867 2288 1
C1618 727 2464 1
C1619 7852 7744 1
C1620 3937 7216 1
C1621 5469 3168 1
C1622 2810 3168 0
C1623 7744 5104 1
C1624 9564 1056 0
C1625 4595 6864 1
C1626 3473 7568 0
C1627 7346 7392 1
C1628 450 5632 1
C1629 7122 704 1
C1630 1624 6688 0
C1631 5940 7568 0
C1632 4729 7040 0
C1633 5877 7216 0
C1634 2071 2816 0
C1635 6726 5456 1
C1636 6382 3168 1
C1637 6584 6864 1
C1638 4194 7392 0
C1639 5990 7216 1
C1640 5448 3872 1
C1641 7450 7744 1
C1642 3722 7040 1
C1643 8895 6512 0
C1644 5689 7568 0
C1645 3795 2816 0
C1646 7164 2640 0
C1647 8493 704 0
C1648 9544 2112 0
C1649 822 6336 1
C1650 4090 7216 1
C1651 36 352 1
C1652 6504 2992 0
C1653 6170 2992 1
C1654 3565 7392 1
C1655 3308 6864 0
C1656 7536 5456 0
C1657 5948 7216 0
C1658 606 6336 1
C1659 5006 880 1
C1660 6104 7040 0
C1661 8187 528 1
C1662 8838 7920 1
C1663 7699 7216 1
C1664 8669 7920 1
C1665 7628 6160 1
C1666 6308 352 1
C1667 8882 6336 0
C1668 7094 5456 1
C1669 608 6688 1
C1670 5809 2992 0
C1671 5734 2992 1
C1672 5893 2992 1
C1673 3289 3696 1
C1674 5872 4400 1
C1675 5862 3696 0
C1676 5782 3520 0
C1677 5941 3520 0
C1678 2323 4400 0
C1679 2482 4400 0
C1680 2909 3872 0
C1681 5852 3872 1
C1682 5316 2464 0
C1683 4971 2992 1
C1684 4134 2992 0
C1685 3096 2464 1
C1686 1019 2992 1
C1687 1252 6512 1
C1688 814 1584 1
C1689 5363 2640 1
C1690 8606 704 0
C1691 9949 7920 1
C1692 10062 704 0
C1693 6765 2992 1
C1694 9527 7744 0
C1695 7107 7392 1
C1696 7739 7744 1
C1697 9871 528 1
C1698 1709 7568 0
C1699 7541 1232 0
C1700 370 7392 1
C1701 6867 880 1
C1702 4469 7392 1
C1703 7387 352 1
C1704 4081 7392 0
C1705 9367 7568 0
C1706 9906 352 1
C1707 9125 7392 0
C1708 6922 7216 1
C1709 3837 3344 1
C1710 6562 3344 0
C1711 10062 7216 1
C1712 8163 704 1
C1713 5057 7216 0
C1714 483 4048 0
C1715 5660 704 0
C1716 7449 5456 0
C1717 6838 7392 1
C1718 9736 7568 0
C1719 7582 7040 0
C1720 7648 7216 0
C1721 6654 6864 0
C1722 0 7744 0
C1723 0 7216 1
C1724 9906 7744 0
C1725 7384 5632 0
C1726 7065 2464 0
C1727 7613 6512 0
C1728 4116 3696 0
C1729 7646 6336 1
C1730 7809 880 0
C1731 3105 3696 1
C1732 1453 2816 0
C1733 7380 6688 1
C1734 7550 2816 0
C1735 5693 7920 0
C1736 2932 7392 0
C1737 10062 7920 1
C1738 9451 2992 1
C1739 4829 3872 1
C1740 884 6688 1
C1741 863 6160 1
C1742 838 7216 0
C1743 1 7392 1
C1744 1683 7040 1
C1745 249 2112 0
C1746 5152 0 0
C1747 1242 1760 0
C1748 1 7920 1
C1749 751 5280 1
C1750 3996 3520 0
C1751 14 6512 1
C1752 699 6512 0
C1753 9466 6688 1
C1754 8361 6336 0
C1755 7506 704 1
C1756 608 3168 0
C1757 7617 6864 1
C1758 7461 5632 0
C1759 6715 528 1
C1760 1891 7392 0
C1761 4058 7568 1
C1762 5986 0 0
C1763 9316 2288 0
C1764 9415 2464 1
C1765 9426 352 0
C1766 6464 6688 1
C1767 7050 6864 0
C1768 9947 6688 0
C1769 4567 7568 1
C1770 4607 7568 0
C1771 4738 7568 1
C1772 4308 2640 1
C1773 9948 7392 1
C1774 908 6160 0
C1775 9568 7216 1
C1776 1953 3872 0
C1777 4491 4752 1
C1778 8628 7568 0
C1779 1503 6688 0
C1780 1008 5456 1
C1781 7243 1056 1
C1782 1283 6512 0
C1783 7182 2464 1
C1784 5143 4576 0
C1785 1577 6512 1
C1786 4571 7392 0
C1787 10083 7040 1
C1788 9949 528 0
C1789 4582 7392 1
C1790 5754 528 0
C1791 2684 3696 1
C1792 3699 3344 0
C1793 9993 7392 0
C1794 2926 7216 1
C1795 554 6864 0
C1796 591 7920 0
C1797 792 7568 1
C1798 7641 5280 0
C1799 7647 5280 1
C1800 978 3520 0
C1801 1181 7568 1
C1802 9961 1056 0
C1803 30 6160 1
C1804 7867 7392 1
C1805 4362 1936 1
C1806 9705 2288 1
C1807 9454 2288 1
C1808 5533 6864 0
C1809 7446 352 0
C1810 8094 7568 0
C1811 5793 352 0
C1812 7582 7216 1
C1813 6791 6864 1
C1814 6288 7040 0
C1815 8208 7920 0
C1816 6961 2112 0
C1817 4356 7392 1
C1818 7926 704 0
C1819 2354 3168 0
C1820 7816 7216 0
C1821 2180 4400 0
C1822 5030 4752 0
C1823 8372 528 1
C1824 8321 7920 0
C1825 6319 7392 0
C1826 7257 6160 1
C1827 2520 3872 0
C1828 5290 3520 0
C1829 7339 5456 1
C1830 9313 352 0
C1831 8208 7216 1
C1832 8341 6512 1
C1833 7514 5280 1
C1834 7150 1936 0
C1835 7914 528 1
C1836 4534 1936 0
C1837 7886 6864 1
C1838 79 5984 0
C1839 4996 7392 0
C1840 2702 7392 0
C1841 8321 7216 1
C1842 584 352 1
C1843 2836 7744 1
C1844 2265 7920 0
C1845 1701 7568 1
C1846 7758 7040 0
C1847 7747 528 0
C1848 10062 528 0
C1849 9184 704 1
C1850 9050 0 1
C1851 8129 0 1
C1852 5852 2640 0
C1853 5565 2992 0
C1854 5136 3520 1
C1855 1198 5984 0
C1856 1602 7392 0
C1857 4151 2640 0
C1858 4754 3168 1
C1859 1607 7568 0
C1860 10125 6864 0
C1861 7412 2288 0
C1862 7042 2464 1
C1863 7220 6512 1
C1864 1591 7744 1
C1865 6012 7392 1
C1866 6235 7216 1
C1867 6395 7392 1
C1868 4755 7392 0
C1869 5149 3872 1
C1870 4759 6864 0
C1871 7035 7216 1
C1872 775 5456 1
C1873 7961 704 1
C1874 8680 7216 0
C1875 10062 6688 1
C1876 4904 4224 1
C1877 9270 7920 1
C1878 8444 704 1
C1879 911 2464 1
C1880 7129 2640 1
C1881 7435 7040 1
C1882 5878 528 0
C1883 9513 6688 0
C1884 6872 880 0
C1885 4995 7920 0
C1886 9836 528 0
C1887 4690 2640 1
C1888 3384 7744 0
C1889 6865 3520 1
C1890 3950 3344 1
C1891 4156 3168 0
C1892 7103 6512 1
C1893 9326 1232 0
C1894 9257 880 0
C1895 684 6160 1
C1896 4315 7920 0
C1897 1 3168 1
C1898 9583 6512 0
C1899 7103 2992 1
C1900 1732 2816 0
C1901 3451 7744 1
C1902 7311 5456 0
C1903 9507 6864 1
C1904 4222 3696 0
C1905 1972 3168 0
C1906 2241 3168 0
C1907 5681 1232 0
C1908 999 2816 0
C1909 6417 7744 1
C1910 6723 7568 1
C1911 2965 3872 1
C1912 1964 3696 1
C1913 3744 4224 1
C1914 3331 3520 0
C1915 1 3872 1
C1916 593 2816 1
C1917 17 2288 1
C1918 1 3344 1
C1919 540 6512 1
C1920 2723 6864 0
C1921 5067 4048 0
C1922 2641 6688 0
C1923 7106 5104 1
C1924 6779 5104 0
C1925 6454 6160 1
C1926 465 880 0
C1927 935 880 1
C1928 662 352 0
C1929 1408 704 1
C1930 3705 7920 0
C1931 5185 7920 1
C1932 557 7392 0
C1933 2593 5104 1
C1934 4412 4224 0
C1935 5144 0 1
C1936 3203 2816 0
C1937 3070 1760 1
C1938 727 7920 0
C1939 7469 0 0
C1940 6558 1056 0
C1941 4825 1056 0
C1942 7190 1232 1
C1943 2146 3344 1
C1944 5356 7040 0
C1945 5405 7392 1
C1946 9633 5984 0
C1947 7008 7920 0
C1948 6466 7920 0
C1949 7988 7744 1
C1950 6996 7568 0
C1951 1562 7920 1
C1952 3833 4048 0
C1953 6065 2464 1
C1954 6377 1056 1
C1955 4618 2112 1
C1956 9188 2288 0
C1957 6234 7040 1
C1958 903 2640 1
C1959 709 3520 0
C1960 3231 7392 1
C1961 7775 704 1
C1962 9520 7392 0
C1963 7789 7216 1
C1964 5749 1056 1
C1965 817 3696 1
C1966 9327 7392 0
C1967 5401 4224 1
C1968 9630 2288 0
C1969 3693 2992 1
C1970 10081 2112 1
C1971 604 7392 1
C1972 5474 352 0
C1973 277 5104 0
C1974 8971 176 1
C1975 6206 7392 0
C1976 9431 2816 0
C1977 1845 2816 0
C1978 778 6336 0
C1979 4737 4576 1
C1980 4894 7568 0
C1981 976 6160 1
C1982 5277 3872 1
C1983 9422 352 1
C1984 10062 176 0
C1985 7181 3344 0
C1986 3548 7392 0
C1987 4598 4752 1
C1988 8387 7568 0
C1989 885 3520 1
C1990 829 2464 0
C1991 49 5808 1
C1992 8011 7040 1
C1993 8578 6160 1
C1994 8324 7392 0
C1995 5286 3344 1
C1996 9086 2640 1
C1997 8570 2640 1
C1998 8385 2464 0
C1999 4434 7920 1
C2000 7444 6160 0
C2001 9405 7744 1
C2002 6138 6864 0
C2003 8774 7568 0
C2004 7550 7920 0
C2005 5701 7920 1
C2006 5806 7920 0
C2007 5108 7920 0
C2008 723 7920 1
C2009 181 7920 1
C2010 830 7040 0
C2011 903 7040 1
C2012 1723 7920 0
C2013 2104 7920 1
C2014 2160 7392 0
C2015 9229 528 0
C2016 8911 528 1
C2017 9499 0 1
C2018 9455 0 0
C2019 0 4576 0
C2020 1 4400 0
C2021 229 5808 1
C2022 1020 4576 0
C2023 5087 7216 1
C2024 4562 6512 0
C2025 3575 7920 1
C2026 3698 7568 0
C2027 5298 4224 0
C2028 4580 4576 0
C2029 5124 2112 0
C2030 4913 3344 0
C2031 125 6160 0
C2032 1249 6160 0
C2033 51 5104 1
C2034 842 6688 0
C2035 185 2464 1
C2036 0 3520 0
C2037 51 2816 1
C2038 0 4752 1
C2039 4651 4400 1
C2040 9255 7040 1
C2041 5420 3696 0
C2042 6002 176 1
C2043 7163 7040 1
C2044 2633 3872 0
C2045 7199 7040 0
C2046 2407 3872 0
C2047 0 7744 1
C2048 3678 7392 1
C2049 9543 6512 1
C2050 10106 7392 0
C2051 4935 7568 1
C2052 6908 2288 1
C2053 4859 7392 1
C2054 3045 7392 0
C2055 9615 1056 1
C2056 6061 7216 0
C2057 5541 3696 0
C2058 6845 1408 1
C2059 5629 7216 1
C2060 185 7392 1
C2061 1277 7392 0
C2062 8320 176 0
C2063 517 3344 1
C2064 1222 1584 0
C2065 2493 1584 1
C2066 7900 6336 0
C2067 687 6336 0
C2068 1328 7392 0
C2069 4480 6864 1
C2070 6175 7040 0
C2071 10125 6864 1
C2072 102 6864 0
C2073 4569 1936 1
C2074 10035 1936 0
C2075 4882 7920 0
C2076 10062 7040 0
C2077 5103 4048 1
C2078 9040 7392 1
C2079 9099 6336 1
C2080 3421 6864 0
C2081 4065 2992 1
C2082 5221 7392 0
C2083 6171 0 0
C2084 2753 3344 1
C2085 4742 2288 0
C2086 6807 2992 0
C2087 3498 2288 1
C2088 5880 528 1
C2089 3251 7568 1
C2090 2960 6688 1
C2091 2735 7568 1
C2092 2983 7216 0
C2093 7139 176 1
C2094 8011 0 0
C2095 7647 352 1
C2096 8008 528 0
C2097 6103 3520 1
C2098 6376 4224 0
C2099 3295 3344 1
C2100 2618 2816 0
C2101 6631 6688 1
C2102 6582 7216 0
C2103 6348 7216 1
C2104 3113 5632 1
C2105 8353 0 1
C2106 8642 0 0
C2107 8326 1232 1
C2108 8231 1232 0
C2109 8223 7392 1
C2110 6746 6864 0
C2111 9811 7040 1
C2112 5219 7568 1
C2113 5927 6864 1
C2114 5677 4048 0
C2115 0 5632 0
C2116 8597 6512 0
C2117 1542 1232 1
C2118 2467 3168 0
C2119 4221 3520 0
C2120 2119 6864 1
C2121 4063 3344 1
C2122 9903 2464 1
C2123 7259 2288 1
C2124 6204 7216 0
C2125 1163 2464 0
C2126 51 1584 0
C2127 7184 7920 1
C2128 638 7568 0
C2129 7376 7216 0
C2130 6920 7392 0
C2131 6368 2992 0
C2132 3926 3168 0
C2133 4868 7392 0
C2134 1225 2288 0
C2135 1283 7216 1
C2136 1269 7920 0
C2137 298 7392 1
C2138 2746 3872 0
C2139 3344 7392 1
C2140 5470 528 0
C2141 4952 352 1
C2142 8938 0 1
C2143 6348 7920 0
C2144 5270 4576 1
C2145 2251 4400 0
C2146 5360 4576 0
C2147 6419 7920 0
C2148 6783 3344 0
C2149 9748 7568 1
C2150 9584 7216 0
C2151 9318 6864 1
C2152 9336 6688 0
C2153 10083 528 1
C2154 9776 1056 0
C2155 10125 880 0
C2156 7549 704 0
C2157 6648 7392 0
C2158 6982 7392 1
C2159 6725 7392 0
C2160 9653 7392 0
C2161 455 7920 0
C2162 7491 5456 1
C2163 7569 4752 0
C2164 7548 5280 0
C2165 4740 4928 1
C2166 5122 4576 1
C2167 6432 7392 0
C2168 3277 7392 0
C2169 4247 2992 0
C2170 9697 352 1
C2171 9079 1056 0
C2172 9561 880 1
C2173 10104 7568 1
C2174 10103 7920 0
C2175 483 7392 1
C2176 1696 7392 0
C2177 2063 4400 0
C2178 4428 4576 0
C2179 7571 5456 1
C2180 5368 2288 1
C2181 2796 2464 1
C2182 5093 2640 1
C2183 2868 7920 1
C2184 3345 7920 1
C2185 1621 6512 0
C2186 8706 1056 1
C2187 8077 7568 1
C2188 1 7216 0
C2189 541 3872 1
C2190 51 4048 1
C2191 6114 352 1
C2192 0 7392 0
C2193 0 7040 1
C2194 8459 1584 0
C2195 3302 7040 1
C2196 2585 7920 0
C2197 5882 2640 1
C2198 29 2464 0
C2199 3170 7040 0
C2200 3145 7920 0
C2201 2044 7568 0
C2202 2591 7216 1
C2203 1219 6336 1
C2204 0 3344 0
C2205 0 704 0
C2206 4268 1408 1
C2207 3123 1056 1
C2208 3154 1056 0
C2209 3871 4224 0
C2210 2649 6336 1
C2211 10031 6336 1
C2212 6077 1408 0
C2213 6804 352 0
C2214 1 1232 0
C2215 1844 1584 1
C2216 1995 6688 0
C2217 8196 6160 1
C2218 5205 6336 0
C2219 4641 6864 0
C2220 9761 5632 1
C2221 6912 6512 0
C2222 942 2992 0
C2223 209 4048 1
C2224 956 4928 0
C2225 9855 6688 1
C2226 9429 2288 0
C2227 8247 5280 1
C2228 8176 5456 1
C2229 51 5104 0
C2230 908 2288 0
C2231 423 1232 1
C2232 6597 352 0
C2233 7581 2992 1
C2234 6957 4576 1
C2235 9818 1056 1
C2236 3543 1584 1
C2237 9825 6336 1
C2238 6036 1232 0
C2239 6825 0 1
C2240 3247 880 1
C2241 4984 352 0
C2242 3745 2816 0
C2243 6518 2992 1
C2244 6623 2992 0
C2245 1190 704 0
C2246 1475 1760 0
C2247 7086 5808 0
C2248 5803 2112 0
C2249 5096 6512 1
C2250 3375 6688 0
C2251 4006 4928 1
C2252 6778 4752 0
C2253 1 5984 1
C2254 0 7040 0
C2255 0 6336 0
C2256 2274 6512 0
C2257 2022 6512 1
C2258 5720 6512 0
C2259 9319 1584 0
C2260 9601 1584 0
C2261 9417 1584 0
C2262 8118 6512 0
C2263 8250 6160 1
C2264 750 5456 0
C2265 1 4928 1
C2266 2684 6688 1
C2267 2854 6864 1
C2268 1 2816 1
C2269 109 2112 1
C2270 0 2288 0
C2271 3920 3520 1
C2272 3916 3696 0
C2273 9316 6336 0
C2274 9000 5984 0
C2275 1195 1760 0
C2276 236 1584 0
C2277 887 1408 0
C2278 686 2288 0
C2279 867 2112 0
C2280 572 2288 0
C2281 9484 1408 1
C2282 9536 1232 1
C2283 9483 1760 0
C2284 48 3872 0
C2285 1 3696 1
C2286 3629 5632 1
C2287 7828 5632 1
C2288 7225 5456 1
C2289 6811 5456 0
C2290 6111 5984 0
C2291 9218 5280 1
C2292 9596 5632 0
C2293 9389 6864 1
C2294 8990 6336 0
C2295 7281 6864 1
C2296 5802 6864 0
C2297 956 3520 1
C2298 917 3696 0
C2299 930 3696 1
C2300 1 5632 1
C2301 5316 6512 0
C2302 5262 6336 0
C2303 6811 6512 1
C2304 9099 1584 0
C2305 9079 1760 1
C2306 1 1584 1
C2307 6909 5456 1
C2308 2082 6864 0
C2309 3017 880 0
C2310 6591 4752 1
C2311 4769 1232 0
C2312 5935 1232 1
C2313 2262 1584 1
C2314 1033 528 0
C2315 5134 1056 1
C2316 6709 5280 0
C2317 0 1408 0
C2318 4603 1232 0
C2319 9641 6336 1
C2320 6444 7040 0
C2321 6632 6512 0
C2322 163 704 0
C2323 119 7920 0
C2324 0 2112 0
C2325 8835 1408 1
C2326 6793 6512 0
C2327 72 1232 0
C2328 3015 5632 1
C2329 8901 6864 1
C2330 7935 6336 1
C2331 747 2112 1
C2332 4927 704 0
C2333 2643 6512 0
C2334 6199 6864 1
C2335 5679 6160 1
C2336 8652 6688 1
C2337 3715 6864 1
C2338 6081 7744 1
C2339 1593 4400 0
C2340 3519 704 0
C2341 3893 1232 1
C2342 2365 7744 1
C2343 6475 352 1
C2344 3815 2640 0
C2345 6323 2816 1
C2346 6781 5984 0
C2347 9969 1760 0
C2348 1 0 1
C2349 9613 5632 1
C2350 1 4224 0
C2351 2966 7040 1
C2352 1 5104 0
C2353 0 5456 1
C2354 6938 5280 0
C2355 4124 4928 1
C2356 122 1232 0
C2357 50 704 0
C2358 623 6864 0
C2359 8557 704 1
C2360 3701 1408 0
C2361 9404 2288 1
C2362 3973 1408 0
C2363 4153 704 1
C2364 3635 1408 1
C2365 1 3872 0
C2366 0 4400 1
C2367 185 2288 0
C2368 7773 2992 0
C2369 7096 2816 1
C2370 3336 6336 0
C2371 186 4928 1
C2372 630 1056 0
C2373 9478 1584 1
C2374 0 2640 0
C2375 1 1760 1
C2376 118 3696 1
C2377 2816 6336 1
C2378 0 5456 0
C2379 136 1584 1
C2380 0 3696 0
C2381 4590 528 0
C2382 1325 3872 0
C2383 9547 1760 1
C2384 3963 6864 0
C2385 9547 5280 1
C2386 7919 5808 0
C2387 8981 1408 0
C2388 9518 5808 0
C2389 3444 1936 1
C2390 6962 4752 0
C2391 7158 4576 1
C2392 1 3168 0
C2393 8643 5632 0
C2394 2814 1584 0
C2395 4224 4928 1
C2396 139 7040 0
C2397 4844 6864 1
C2398 126 1936 0
C2399 0 4928 0
C2400 6300 6160 0
C2401 2051 5104 1
C2402 1566 6864 0
C2403 1920 7040 1
C2404 3304 880 0
C2405 717 7392 1
C2406 873 4224 1
C2407 6890 6336 0
C2408 4148 880 0
C2409 6816 6160 0
C2410 567 1760 0
C2411 6291 5456 0
C2412 9517 1232 0
C2413 4675 704 1
C2414 231 7216 0
C2415 6372 704 0
C2416 6027 2112 0
C2417 959 6864 0
C2418 5784 6160 0
C2419 8623 528 0
C2420 7048 4576 0
C2421 5017 6864 0
C2422 7561 7568 1
C2423 8900 2816 1
C2424 6147 1760 0
C2425 6918 352 0
C2426 51 1760 0
C2427 51 5984 1
C2428 8329 7040 0
C2429 9590 5984 1
C2430 5021 5456 1
C2431 867 1056 1
C2432 0 176 1
C2433 8857 5632 1
C2434 8605 5456 1
C2435 8736 880 1
C2436 0 1056 1
C2437 1574 176 0
C2438 744 0 1
C2439 778 1232 0
C2440 1 1056 0
C2441 20 704 1
C2442 6081 2112 1
C2443 629 1760 1
C2444 499 704 0
C2445 9117 5984 0
C2446 7324 7392 0
C2447 9440 6336 0
C2448 6156 2464 0
C2449 9643 704 1
C2450 0 3520 1
C2451 0 4752 0
C2452 3983 3872 1
C2453 1266 6688 1
C2454 1233 7392 1
C2455 2260 6864 1
C2456 6991 176 0
C2457 5052 1232 1
C2458 3825 2112 0
C2459 1 6688 1
C2460 296 7040 1
C2461 6555 5984 1
C2462 6692 6688 0
C2463 5827 880 1
C2464 5407 176 0
C2465 0 6512 0
C2466 9451 2640 0
C2467 7457 3344 0
C2468 9105 880 0
C2469 9028 1056 0
C2470 4441 1232 1
C2471 2775 1584 1
C2472 9325 1056 1
C2473 2962 3696 1
C2474 8140 880 0
C2475 8089 880 0
C2476 8205 6688 1
C2477 8082 6688 1
C2478 6846 528 0
C2479 5960 1584 1
C2480 6335 5808 0
C2481 6267 5808 0
C2482 4426 1760 0
C2483 2401 1760 1
C2484 5988 6512 0
C2485 0 880 1
C2486 0 6336 1
C2487 8845 7744 1
C2488 3834 4752 0
C2489 7747 6336 0
C2490 7809 6336 1
C2491 907 4576 1
C2492 3801 4224 0
C2493 4993 6336 1
C2494 1496 7920 0
C2495 3540 7040 1
C2496 3564 7040 0
C2497 3511 3168 1
C2498 1875 3168 0
C2499 4445 3520 0
C2500 5523 6688 1
C2501 5444 6688 1
C2502 7462 2112 1
C2503 7520 1936 0
C2504 4375 1760 0
C2505 2725 1584 1
C2506 6304 528 0
C2507 6355 528 0
C2508 257 1232 0
C2509 0 1232 1
C2510 4697 4224 1
C2511 1940 4400 0
C2512 5398 352 0
C2513 5348 704 1
C2514 1246 2112 0
C2515 1209 2112 1
C2516 9199 6512 1
C2517 1442 1760 1
C2518 1378 1760 0
C2519 7702 2464 1
C2520 7665 5104 0
C2521 7658 4928 1
C2522 250 2816 0
C2523 1149 2992 0
C2524 1843 7392 0
C2525 2745 2464 1
C2526 4020 2464 0
C2527 7849 6336 0
C2528 7798 6336 0
C2529 1589 6336 1
C2530 1565 6336 0
C2531 1877 6864 1
C2532 1782 6688 1
C2533 4936 1408 1
C2534 5012 6160 0
C2535 770 5632 1
C2536 719 5632 1
C2537 3066 5632 1
C2538 1568 5808 0
C2539 1351 5808 1
C2540 2510 7392 1
C2541 3791 7392 1
C2542 4234 2640 0
C2543 26 1408 1
C2544 3355 7040 0
C2545 6061 6336 1
C2546 166 3872 0
C2547 0 528 0
C2548 4477 1760 0
C2549 2448 1760 1
C2550 7710 2640 0
C2551 6186 1056 1
C2552 3779 0 0
C2553 3112 4400 0
C2554 7816 4224 1
C2555 5419 528 0
C2556 5337 528 0
C2557 8774 3168 1
C2558 4234 352 0
C2559 9463 1056 1
C2560 10034 6336 0
C2561 9247 1584 0
C2562 9032 1760 1
C2563 4910 6336 1
C2564 4831 6512 1
C2565 4524 6688 0
C2566 4473 6688 0
C2567 5004 1232 1
C2568 1935 1584 1
C2569 2095 3344 1
C2570 7021 5632 0
C2571 5262 5984 1
C2572 5235 5984 0
C2573 7658 2640 0
C2574 3562 3168 1
C2575 1345 1232 0
C2576 1294 1232 0
C2577 9039 7040 0
C2578 8762 7216 0
C2579 7474 3168 1
C2580 5071 3168 0
C2581 3748 4048 1
C2582 4463 7392 0
C2583 4479 7040 0
C2584 10074 1056 0
C2585 10024 1056 1
C2586 5413 6688 0
C2587 5393 6688 1
C2588 7576 1936 0
C2589 7538 1936 1
C2590 6456 528 0
C2591 51 6864 1
C2592 2759 3168 0
C2593 9086 6512 0
C2594 9436 2112 0
C2595 6405 528 0
C2596 9264 6336 0
C2597 5753 2640 0
C2598 1 2464 1
C2599 9428 2112 1
C2600 0 6160 0
C2601 1 6864 0
C2602 9159 6688 1
C2603 0 6864 1
C2604 3295 7920 1
C2605 60 176 0
C2606 213 352 0
C2607 936 704 1
C2608 1697 1408 1
C2609 1 1760 0
C2610 1016 2640 1
C2611 10 4048 0
C2612 0 5280 0
C2613 4038 3520 1
C2614 52 6864 0
C2615 72 7040 1
C2616 554 7392 1
C2617 2067 6688 0
C2618 2579 7392 1
C2619 6526 7216 0
C2620 6482 7392 0
C2621 5064 6336 1
C2622 7654 7040 0
C2623 8873 1760 0
C2624 6929 4928 0
C2625 8358 6688 0
C2626 8795 5456 0
C2627 7347 6336 1
C2628 8864 6336 1
C2629 8970 1760 0
C2630 6001 2464 1
C2631 9103 176 0
C2632 6775 0 1
C2633 3256 2464 1
C2634 6001 528 0
C2635 4785 528 1
C2636 3715 1056 1
C2637 756 528 0
C2638 1 1584 0
C2639 996 1936 1
C2640 1388 2288 0
C2641 892 2992 0
C2642 613 3872 1
C2643 284 3872 0
C2644 813 4928 0
C2645 3828 4576 1
C2646 1086 5280 1
C2647 1571 6512 0
C2648 2594 6336 1
C2649 4185 6688 1
C2650 3941 6864 1
C2651 6988 5984 0
C2652 6099 6160 1
C2653 5899 6336 0
C2654 10125 6512 0
C2655 9620 2112 1
C2656 4174 4928 1
C2657 8449 5808 1
C2658 10125 5104 0
C2659 8158 5808 1
C2660 10125 5808 0
C2661 10125 2112 0
C2662 7799 2640 0
C2663 10125 1056 1
C2664 6916 528 0
C2665 6081 1408 1
C2666 6029 1056 0
C2667 4905 352 0
C2668 1396 1232 0
C2669 0 528 1
C2670 184 528 0
C2671 764 1584 1
C2672 1425 1760 0
C2673 0 2992 1
C2674 334 3872 0
C2675 0 4224 1
C2676 1 4048 1
C2677 3852 3696 0
C2678 0 5808 0
C2679 1 5104 1
C2680 1893 6688 0
C2681 2715 6512 0
C2682 3374 7040 1
C2683 4591 6864 0
C2684 6050 6336 0
C2685 5067 5984 0
C2686 10125 6336 1
C2687 8821 3168 1
C2688 7794 4224 0
C2689 8200 6160 0
C2690 8864 5456 0
C2691 6929 5632 0
C2692 10125 6512 1
C2693 9657 2112 0
C2694 7701 2464 0
C2695 9620 880 0
C2696 6889 352 1
C2697 5897 1408 1
C2698 6021 880 0
C2699 3912 528 1
C2700 3358 1408 1
C2701 2167 880 0
C2702 1255 1936 1
C2703 4016 2288 0
C2704 1922 3168 0
C2705 1109 2816 1
C2706 4814 2992 1
C2707 1405 5808 1
C2708 1304 5632 0
C2709 4670 4048 0
C2710 1539 6336 1
C2711 1881 6688 1
C2712 4919 6336 0
C2713 4430 6864 1
C2714 2200 6864 0
C2715 5363 6688 0
C2716 5266 5808 0
C2717 6368 5808 1
C2718 8181 6688 0
C2719 10125 1056 0
C2720 7673 4928 0
C2721 9108 6864 1
C2722 9117 6512 1
C2723 7857 6336 1
C2724 9174 6336 0
C2725 9479 2112 1
C2726 7424 3168 1
C2727 9099 1056 1
C2728 7958 528 0
C2729 7589 1936 1
C2730 6487 528 1
C2731 5413 352 1
C2732 4533 1056 0
C2733 1827 0 1
C2734 176 176 0
