1275274
118510
1275274
1183 1078
28
bk1 546 399 882 532
bk10a 322 273 700 392
bk10b 406 399 546 560
bk10c 1043 315 1162 364
bk11 140 476 315 595
bk12 322 133 728 273
bk13 1043 364 1183 861
bk14a 1015 861 1134 1057
bk14b 714 532 1008 651
bk14c 0 0 119 161
bk15a 0 616 119 882
bk15b 896 651 1015 987
bk16 882 399 1008 518
bk17a 350 896 721 1078
bk17b 140 273 322 476
bk18 532 560 714 763
bk19 322 399 406 518
bk2 721 784 854 1078
bk20 0 896 350 1078
bk21 0 301 140 616
bk3 728 133 1043 266
bk4 490 0 1050 133
bk5a 0 161 133 301
bk5b 721 651 896 784
bk5c 1050 84 1183 315
bk6 728 266 1043 399
bk7 497 770 679 868
bk8a 322 560 532 770
bk8b 119 770 497 896
bk9a 140 133 322 252
bk9b 140 595 259 714
bk9c 133 0 490 119
bk9d 1050 0 1169 84
