40549068
1968274
40549068
5334 7602
64
M001 3584 1512 5292 4746
M002 1792 5922 3346 6594
M003 1246 6594 3430 7602
M004 392 0 3472 1610
M005 1260 4914 1792 6300
M006 0 5712 882 7574
M007 2506 4228 2856 5096
M008 1260 3808 2506 4452
M009 3430 6594 3892 7574
M010 3584 728 3878 1344
M011 4312 5614 4690 6440
M012 1792 4452 2198 5250
M013 3346 5922 3612 6594
M014 0 3682 406 4606
M015 406 5306 1246 5712
M016 3612 5614 3934 6412
M017 784 2562 1176 3318
M018 0 0 392 1078
M019 3878 728 4704 1120
M020 5054 4746 5306 5544
M021 3878 1120 4704 1512
M022 0 1862 364 2814
M023 2856 4228 3346 5362
M024 4564 6440 4830 7238
M025 0 1078 322 1862
M026 3612 5264 4340 5614
M027 882 6300 1246 7140
M028 3612 4746 4676 5264
M029 2506 3374 3500 3864
M030 2282 2142 3584 2870
M031 392 2562 784 3612
M032 3934 5614 4312 6398
M033 392 1610 2282 2562
M034 2198 5362 3346 5922
M035 406 4914 1260 5306
M036 1176 2870 2170 3318
M037 4774 0 5334 1218
M038 4830 6440 5278 7406
M039 0 4606 364 5390
M040 0 2814 392 3682
M041 2506 3864 3360 4228
M042 4676 4746 5054 4914
M043 2282 1610 3192 2142
M044 406 3612 1036 4914
M045 3892 6440 4564 7602
M046 2282 2870 3486 3374
M047 1260 3374 2072 3808
M048 3472 0 4774 728
M049 4690 5544 5082 6286
